# name: debug
# type: sparse matrix
# nnz: 583
# rows: 37
# columns: 37

1 1 5.04548267
2 1 0
3 1 0
4 1 0
5 1 0
6 1 0
7 1 0
8 1 0
1 2 0
2 2 7.8634607e+16
3 2 0
4 2 -9.23703416e+15
5 2 0
6 2 -7.75338218e+16
7 2 0
8 2 0
9 2 0
10 2 0
11 2 0
12 2 0
1 3 0
2 3 0
3 3 8004.14548
4 3 0
5 3 0
6 3 0
7 3 -4000
8 3 0
9 3 0
10 3 0
11 3 0
12 3 0
1 4 0
2 4 -9.23703416e+15
3 4 0
4 4 1.1004591e+15
5 4 0
6 4 9.23703416e+15
7 4 0
8 4 -12.5
9 4 0
10 4 0
11 4 0
12 4 0
1 5 0
2 5 0
3 5 0
4 5 0
5 5 5.04548267
6 5 0
7 5 0
8 5 0
9 5 0
10 5 0
11 5 0
12 5 0
1 6 0
2 6 -7.75338218e+16
3 6 0
4 6 9.23703416e+15
5 6 0
6 6 6.688579e+17
7 6 0
8 6 -2.1410169e+17
9 6 0
10 6 -5.91324078e+17
11 6 0
12 6 0
13 6 0
14 6 0
15 6 0
16 6 0
1 7 0
2 7 0
3 7 -4000
4 7 0
5 7 0
6 7 0
7 7 8004.14548
8 7 0
9 7 0
10 7 0
11 7 -4000
12 7 0
13 7 0
14 7 0
15 7 0
16 7 0
1 8 0
2 8 0
3 8 0
4 8 -12.5
5 8 0
6 8 -2.1410169e+17
7 8 0
8 8 7.75201541e+16
9 8 0
10 8 2.1410169e+17
11 8 0
12 8 -12.5
13 8 0
14 8 0
15 8 0
16 8 0
2 9 0
3 9 0
4 9 0
5 9 0
6 9 0
7 9 0
8 9 0
9 9 5.04548267
10 9 0
11 9 0
12 9 0
13 9 0
14 9 0
15 9 0
16 9 0
2 10 0
3 10 0
4 10 0
5 10 0
6 10 -5.91324078e+17
7 10 0
8 10 2.1410169e+17
9 10 0
10 10 1.87132408e+18
11 10 0
12 10 -8.69935944e+17
13 10 0
14 10 -1.28e+18
15 10 0
16 10 0
17 10 0
18 10 0
19 10 0
20 10 0
2 11 0
3 11 0
4 11 0
5 11 0
6 11 0
7 11 -4000
8 11 0
9 11 0
10 11 0
11 11 8004.14548
12 11 0
13 11 0
14 11 0
15 11 -4000
16 11 0
17 11 0
18 11 0
19 11 0
20 11 0
2 12 0
3 12 0
4 12 0
5 12 0
6 12 0
7 12 0
8 12 -12.5
9 12 0
10 12 -8.69935944e+17
11 12 0
12 12 5.91241052e+17
13 12 0
14 12 8.69935944e+17
15 12 0
16 12 0
17 12 0
18 12 0
19 12 0
20 12 0
6 13 0
7 13 0
8 13 0
9 13 0
10 13 0
11 13 0
12 13 0
13 13 5.04548267
14 13 0
15 13 0
16 13 0
17 13 0
18 13 0
19 13 0
20 13 0
6 14 0
7 14 0
8 14 0
9 14 0
10 14 -1.28e+18
11 14 0
12 14 8.69935944e+17
13 14 0
14 14 2.56e+18
15 14 0
16 14 -8.69924854e+17
17 14 0
18 14 -1.28e+18
19 14 0
20 14 0
21 14 0
22 14 0
23 14 0
24 14 0
6 15 0
7 15 0
8 15 0
9 15 0
10 15 0
11 15 -4000
12 15 0
13 15 0
14 15 0
15 15 8004.14548
16 15 0
17 15 0
18 15 0
19 15 -4000
20 15 0
21 15 0
22 15 0
23 15 0
24 15 0
6 16 0
7 16 0
8 16 0
9 16 0
10 16 0
11 16 0
12 16 0
13 16 0
14 16 -8.69924854e+17
15 16 0
16 16 5.91225978e+17
17 16 0
18 16 8.69924854e+17
19 16 0
20 16 0
21 16 0
22 16 0
23 16 0
24 16 0
10 17 0
11 17 0
12 17 0
13 17 0
14 17 0
15 17 0
16 17 0
17 17 5.04548267
18 17 0
19 17 0
20 17 0
21 17 0
22 17 0
23 17 0
24 17 0
10 18 0
11 18 0
12 18 0
13 18 0
14 18 -1.28e+18
15 18 0
16 18 8.69924854e+17
17 18 0
18 18 1.28109802e+18
19 18 0
20 18 0
21 18 0
22 18 -1.09802036e+15
23 18 0
24 18 0
25 18 0
26 18 0
27 18 0
28 18 0
10 19 0
11 19 0
12 19 0
13 19 0
14 19 0
15 19 -4000
16 19 0
17 19 0
18 19 0
19 19 8004.04548
20 19 0
21 19 0
22 19 0
23 19 -4000
24 19 0
25 19 0
26 19 0
27 19 0
28 19 0
10 20 0
11 20 0
12 20 0
13 20 0
14 20 0
15 20 0
16 20 0
17 20 0
18 20 0
19 20 0
20 20 4.04548267
21 20 0
22 20 0
23 20 0
24 20 0
25 20 0
26 20 0
27 20 0
28 20 0
14 21 0
15 21 0
16 21 0
17 21 0
18 21 0
19 21 0
20 21 0
21 21 5.04548267
22 21 0
23 21 0
24 21 0
25 21 0
26 21 0
27 21 0
28 21 0
14 22 0
15 22 0
16 22 0
17 22 0
18 22 -1.09802036e+15
19 22 0
20 22 0
21 22 0
22 22 7.86072613e+16
23 22 0
24 22 -9.22328016e+15
25 22 0
26 22 -7.75092409e+16
27 22 0
28 22 0
29 22 0
30 22 0
31 22 0
32 22 0
14 23 0
15 23 0
16 23 0
17 23 0
18 23 0
19 23 -4000
20 23 0
21 23 0
22 23 0
23 23 8004.04548
24 23 0
25 23 0
26 23 0
27 23 -4000
28 23 0
29 23 0
30 23 0
31 23 0
32 23 0
14 24 0
15 24 0
16 24 0
17 24 0
18 24 0
19 24 0
20 24 0
21 24 0
22 24 -9.22328016e+15
23 24 0
24 24 1.09753232e+15
25 24 0
26 24 9.22328016e+15
27 24 0
28 24 0
29 24 0
30 24 0
31 24 0
32 24 0
18 25 0
19 25 0
20 25 0
21 25 0
22 25 0
23 25 0
24 25 0
25 25 5.04548267
26 25 0
27 25 0
28 25 0
29 25 0
30 25 0
31 25 0
32 25 0
18 26 0
19 26 0
20 26 0
21 26 0
22 26 -7.75092409e+16
23 26 0
24 26 9.22328016e+15
25 26 0
26 26 6.68780524e+17
27 26 0
28 26 -2.14065735e+17
29 26 0
30 26 -5.91271283e+17
31 26 0
32 26 0
33 26 0
34 26 0
35 26 0
36 26 0
18 27 0
19 27 0
20 27 0
21 27 0
22 27 0
23 27 -4000
24 27 0
25 27 0
26 27 0
27 27 8004.04548
28 27 0
29 27 0
30 27 0
31 27 -4000
32 27 0
33 27 0
34 27 0
35 27 0
36 27 0
18 28 0
19 28 0
20 28 0
21 28 0
22 28 0
23 28 0
24 28 0
25 28 0
26 28 -2.14065735e+17
27 28 0
28 28 7.75010394e+16
29 28 0
30 28 2.14065735e+17
31 28 0
32 28 0
33 28 0
34 28 0
35 28 0
36 28 0
22 29 0
23 29 0
24 29 0
25 29 0
26 29 0
27 29 0
28 29 0
29 29 5.04548267
30 29 0
31 29 0
32 29 0
33 29 0
34 29 0
35 29 0
36 29 0
22 30 0
23 30 0
24 30 0
25 30 0
26 30 -5.91271283e+17
27 30 0
28 30 2.14065735e+17
29 30 0
30 30 1.87127128e+18
31 30 0
32 30 -8.69924854e+17
33 30 0
34 30 -1.28e+18
35 30 0
36 30 0
37 30 0
22 31 0
23 31 0
24 31 0
25 31 0
26 31 0
27 31 -4000
28 31 0
29 31 0
30 31 0
31 31 8004.04548
32 31 0
33 31 0
34 31 0
35 31 -4000
36 31 0
37 31 0
22 32 0
23 32 0
24 32 0
25 32 0
26 32 0
27 32 0
28 32 0
29 32 0
30 32 -8.69924854e+17
31 32 0
32 32 5.91225978e+17
33 32 0
34 32 8.69924854e+17
35 32 0
36 32 0
37 32 0
26 33 0
27 33 0
28 33 0
29 33 0
30 33 0
31 33 0
32 33 0
33 33 5.04548267
34 33 0
35 33 0
36 33 0
37 33 0
26 34 0
27 34 0
28 34 0
29 34 0
30 34 -1.28e+18
31 34 0
32 34 8.69924854e+17
33 34 0
34 34 2.56e+18
35 34 0
36 34 -8.69924854e+17
37 34 0
26 35 0
27 35 0
28 35 0
29 35 0
30 35 0
31 35 -4000
32 35 0
33 35 0
34 35 0
35 35 8004.04548
36 35 0
37 35 0
26 36 0
27 36 0
28 36 0
29 36 0
30 36 0
31 36 0
32 36 0
33 36 0
34 36 -8.69924854e+17
35 36 0
36 36 5.91225978e+17
37 36 0
30 37 0
31 37 0
32 37 0
33 37 0
34 37 0
35 37 0
36 37 0
37 37 5.04548267
